# exported by xylib from a spe file
# column_1	column_2
719.938877	355.149170
720.000000	357.712372
720.061123	359.522644
720.122246	359.099396
720.183369	360.420502
720.244492	361.719147
720.305615	361.235718
720.366737	359.934723
720.427860	356.897675
720.488983	358.066376
720.550106	359.483368
720.611229	357.950714
720.672352	356.992706
720.733475	356.387024
720.794598	357.729156
720.855721	359.061310
720.916844	356.403473
720.977966	355.849670
721.039089	354.973755
721.100212	357.150085
721.161335	359.596375
721.222458	360.565704
721.283581	360.967834
721.344704	359.729767
721.405827	361.510132
721.466950	361.669983
721.528073	357.908020
721.589195	361.472748
721.650318	361.956818
721.711441	357.771606
721.772564	362.282623
721.833687	360.387024
721.894810	359.437561
721.955933	359.443146
722.017056	351.662384
722.078179	352.552765
722.139301	351.647369
722.200424	355.286926
722.261547	360.953339
722.322670	358.788727
722.383793	360.232208
722.444916	357.924469
722.506039	356.697968
722.567162	353.300385
722.628285	357.399170
722.689408	359.304810
722.750530	357.995880
722.811653	354.588287
722.872776	358.702454
722.933899	361.927429
722.995022	360.417572
723.056145	355.515045
723.117268	359.537445
723.178391	358.684753
723.239514	361.560211
723.300637	363.275421
723.361760	361.351318
723.422882	358.295532
723.484005	356.634369
723.545128	356.109161
723.606251	356.689331
723.667374	356.146210
723.728497	358.995605
723.789620	362.618073
723.850743	361.136810
723.911866	361.029083
723.972989	360.774323
724.034111	358.849487
724.095234	358.419434
724.156357	357.148346
724.217480	356.837738
724.278603	363.923889
724.339726	361.085815
724.400849	358.560669
724.461972	360.922974
724.523095	361.389069
724.584218	359.958801
724.645340	359.901062
724.706463	365.547821
724.767586	357.916199
724.828709	359.053619
724.889832	359.946716
724.950955	356.311340
725.012078	358.917114
725.073201	353.919922
725.134324	363.582581
725.195447	362.368896
725.256569	357.962067
725.317692	361.714111
725.378815	361.780396
725.439938	366.640045
725.501061	360.777435
725.562184	366.519775
725.623307	365.713074
725.684430	359.190460
725.745553	362.444489
725.806675	366.314362
725.867798	361.422760
725.928921	363.364685
725.990044	362.899506
726.051167	355.335541
726.112290	361.198730
726.173413	368.317230
726.234536	367.338715
726.295659	367.477356
726.356782	363.261292
726.417904	362.539093
726.479027	362.803558
726.540150	362.809143
726.601273	364.836792
726.662396	365.770111
726.723519	367.697388
726.784642	366.859802
726.845765	363.358612
726.906888	361.859467
726.968011	365.307617
727.029134	369.999146
727.090256	370.088440
727.151379	363.003235
727.212502	358.461090
727.273625	361.886597
727.334748	368.167267
727.395871	368.536133
727.456994	366.182983
727.518117	370.362610
727.579240	370.459656
727.640363	368.600250
727.701485	370.876343
727.762608	368.914185
727.823731	368.059540
727.884854	366.838745
727.945977	374.122803
728.007100	373.364960
728.068223	371.989777
728.129346	365.961792
728.190469	369.349426
728.251592	371.289734
728.312714	371.332520
728.373837	366.122955
728.434960	366.561371
728.496083	366.575317
728.557206	372.905487
728.618329	363.309998
728.679452	371.406677
728.740575	367.833038
728.801698	367.355347
728.862820	371.747528
728.923943	369.962952
728.985066	370.743469
729.046189	366.070648
729.107312	370.915680
729.168435	366.002869
729.229558	368.910645
729.290681	365.159058
729.351804	368.776978
729.412927	365.299011
729.474049	368.659851
729.535172	364.551453
729.596295	369.301544
729.657418	363.996368
729.718541	368.136871
729.779664	372.304169
729.840787	368.108459
729.901910	361.514069
729.963033	367.926392
730.024156	370.777374
730.085278	368.776489
730.146401	365.877502
730.207524	369.386047
730.268647	368.936493
730.329770	368.758331
730.390893	369.067932
730.452016	366.479034
730.513139	370.205444
730.574262	371.170715
730.635385	368.271027
730.696508	368.884766
730.757630	371.796082
730.818753	374.153381
730.879876	368.557983
730.940999	364.781769
731.002122	365.157867
731.063245	368.632172
731.124368	371.646515
731.185491	370.126617
731.246614	368.353943
731.307737	372.206512
731.368859	377.920898
731.429982	374.276001
731.491105	374.255615
731.552228	374.233826
731.613351	370.448639
731.674474	368.180603
731.735597	367.521332
731.796720	369.879089
731.857843	368.047607
731.918966	368.011993
731.980088	373.831421
732.041211	370.693085
732.102334	371.270935
732.163457	368.886139
732.224580	371.405701
732.285703	372.562378
732.346826	373.675323
732.407949	371.980927
732.469072	375.612457
732.530194	371.981384
732.591317	370.048218
732.652440	368.564392
732.713563	371.478638
732.774686	373.917755
732.835809	369.164032
732.896932	366.289948
732.958055	364.384003
733.019178	364.389648
733.080301	367.345947
733.141423	370.260803
733.202546	372.222534
733.263669	369.476990
733.324792	374.881042
733.385915	372.533813
733.447038	366.951080
733.508161	363.771088
733.569284	370.358734
733.630407	374.732666
733.691530	373.621155
733.752653	369.233185
733.813775	369.206268
733.874898	371.758057
733.936021	370.035828
733.997144	370.163666
734.058267	367.423401
734.119390	367.918365
734.180513	372.718445
734.241636	370.861084
734.302759	370.117950
734.363882	366.411377
734.425004	363.211426
734.486127	368.309021
734.547250	368.929291
734.608373	371.151154
734.669496	369.839294
734.730619	366.343140
734.791742	370.063629
734.852865	373.426941
734.913988	369.679352
734.975111	365.498199
735.036233	369.138031
735.097356	371.481232
735.158479	368.081665
735.219602	369.804840
735.280725	372.122375
735.341848	369.649445
735.402971	368.551941
735.464094	370.581055
735.525217	371.149841
735.586340	366.832367
735.647462	368.507263
735.708585	371.428314
735.769708	366.936432
735.830831	367.541504
735.891954	371.857605
735.953077	370.812805
736.014200	368.009979
736.075323	371.571655
736.136446	371.086182
736.197568	369.843201
736.258691	369.952637
736.319814	369.070007
736.380937	374.557526
736.442060	372.997955
736.503183	367.134552
736.564306	374.138885
736.625429	371.099182
736.686552	368.036926
736.747675	371.265137
736.808797	375.774109
736.869920	368.297180
736.931043	375.475647
736.992166	373.492310
737.053289	370.551331
737.114412	366.880981
737.175535	374.633148
737.236658	374.639038
737.297781	375.620117
737.358904	369.869629
737.420027	365.938416
737.481149	369.520996
737.542272	372.495392
737.603395	371.796997
737.664518	364.593719
737.725641	369.978638
737.786764	375.925659
737.847887	376.669373
737.909010	369.993927
737.970133	372.077423
738.031256	372.742554
738.092378	375.128662
738.153501	374.932953
738.214624	372.435120
738.275747	371.027740
738.336870	383.345459
738.397993	376.707092
738.459116	379.887085
738.520239	380.561218
738.581362	376.284088
738.642485	380.125671
738.703607	376.770782
738.764730	378.289703
738.825853	380.708191
738.886976	379.485687
738.948099	381.149567
739.009222	379.764252
739.070345	380.638977
739.131468	377.674164
739.192591	373.293060
739.253714	373.923218
739.314836	372.243134
739.375959	376.983826
739.437082	381.760071
739.498205	377.874390
739.559328	375.382263
739.620451	376.670563
739.681574	377.942902
739.742697	379.819702
739.803820	384.173187
739.864942	381.577454
739.926065	379.938660
739.987188	383.655975
740.048311	383.240997
740.109434	383.704254
740.170557	380.182037
740.231680	379.577087
740.292803	379.028107
740.353926	384.106445
740.415049	383.978363
740.476171	383.436157
740.537294	386.279388
740.598417	380.918640
740.659540	379.715759
740.720663	384.983521
740.781786	381.884521
740.842909	382.995117
740.904032	386.962677
740.965155	382.258179
741.026278	380.682892
741.087401	390.138702
741.148523	386.695953
741.209646	393.202759
741.270769	395.445953
741.331892	383.320129
741.393015	388.459351
741.454138	396.542450
741.515261	392.892273
741.576384	394.658173
741.637507	389.891449
741.698630	391.853516
741.759752	402.707275
741.820875	391.989075
741.881998	386.090118
741.943121	400.182129
742.004244	397.949677
742.065367	404.266083
742.126490	410.181549
742.187613	405.263062
742.248736	414.463287
742.309859	416.468750
742.370981	410.577332
742.432104	402.916840
742.493227	410.963196
742.554350	406.916412
742.615473	416.259674
742.676596	425.754028
742.737719	422.012390
742.798842	419.815399
742.859965	418.847351
742.921087	419.367950
742.982210	421.812531
743.043333	424.743164
743.104456	426.967529
743.165579	426.148529
743.226702	418.756134
743.287825	411.020294
743.348948	423.883575
743.410071	421.860504
743.471194	414.183685
743.532316	416.474396
743.593439	422.936584
743.654562	429.768158
743.715685	428.467285
743.776808	429.038361
743.837931	424.331604
743.899054	416.553711
743.960177	422.220245
744.021300	439.510620
744.082423	446.831757
744.143545	443.444427
744.204668	444.872162
744.265791	453.979218
744.326914	462.614502
744.388037	464.213898
744.449160	468.112305
744.510283	475.218201
744.571406	485.812256
744.632529	502.772003
744.693652	523.545898
744.754775	541.920959
744.815897	551.003113
744.877020	577.006714
744.938143	598.702637
744.999266	616.248657
745.060389	643.398315
745.121512	672.274597
745.182635	694.071899
745.243758	730.101868
745.304881	766.529297
745.366004	827.341248
745.427126	881.141113
745.488249	894.220093
745.549372	910.305664
745.610495	932.147339
745.671618	975.525146
745.732741	951.698730
745.793864	998.694641
745.854987	954.571960
745.916110	929.331909
745.977233	902.724121
746.038355	893.669556
746.099478	843.919678
746.160601	826.831604
746.221724	810.275818
746.282847	754.322632
746.343970	731.407349
746.405093	700.727295
746.466216	662.139404
746.527339	635.691467
746.588461	605.547485
746.649584	585.049561
746.710707	550.469971
746.771830	547.548157
746.832953	533.048706
746.894076	529.845642
746.955199	517.508911
747.016322	482.503387
747.077445	496.874725
747.138568	484.545898
747.199690	471.691742
747.260813	459.883942
747.321936	462.118591
747.383059	461.731842
747.444182	476.039734
747.505305	449.956329
747.566428	436.563751
747.627551	442.270905
747.688674	435.016083
747.749797	437.727081
747.810920	433.458557
747.872042	428.162262
747.933165	427.068146
747.994288	421.855682
748.055411	423.832214
748.116534	423.665222
748.177657	422.428772
748.238780	419.357635
748.299903	415.454803
748.361026	417.649414
748.422149	417.213196
748.483271	417.562134
748.544394	418.879913
748.605517	419.231506
748.666640	419.859253
748.727763	417.793457
748.788886	415.087189
748.850009	414.313629
748.911132	413.743683
748.972255	409.946075
749.033378	409.627594
749.094500	412.458923
749.155623	413.889038
749.216746	411.227570
749.277869	402.818268
749.338992	401.044250
749.400115	403.019470
749.461238	403.428192
749.522361	406.880768
749.583484	404.366028
749.644607	400.449799
749.705729	402.844818
749.766852	404.941986
749.827975	403.461945
749.889098	400.976471
749.950221	404.294434
750.011344	401.697510
750.072467	392.907104
750.133590	394.151093
750.194713	390.763611
750.255835	393.035492
750.316958	393.696198
750.378081	394.954376
750.439204	395.549805
750.500327	391.038422
750.561450	391.180908
750.622573	390.309875
750.683696	392.791565
750.744819	396.712067
750.805942	397.540619
750.867064	393.282623
750.928187	400.373383
750.989310	394.301483
751.050433	389.799469
751.111556	394.145538
751.172679	396.457397
751.233802	398.253937
751.294925	390.979340
751.356048	391.679657
751.417171	391.234100
751.478294	392.721619
751.539416	385.135498
751.600539	387.199860
751.661662	389.424500
751.722785	385.249451
751.783908	388.620544
751.845031	385.470520
751.906154	394.000610
751.967277	396.454437
752.028400	386.886749
752.089523	385.086761
752.150645	391.875336
752.211768	387.949219
752.272891	391.899109
752.334014	389.968903
752.395137	389.946899
752.456260	394.728424
752.517383	386.404388
752.578506	392.548279
752.639629	388.318848
752.700752	385.255402
752.761874	385.034515
752.822997	384.146759
752.884120	385.823944
752.945243	388.662842
753.006366	390.744751
753.067489	386.737854
753.128612	389.433044
753.189735	381.695953
753.250858	377.664215
753.311981	386.111206
753.373103	392.881897
753.434226	379.739410
753.495349	387.156677
753.556472	389.290100
753.617595	385.264679
753.678718	385.640747
753.739841	390.578827
753.800964	392.800537
753.862087	384.386383
753.923209	389.034088
753.984332	380.832642
754.045455	383.878082
754.106578	385.096680
754.167701	383.509308
754.228824	381.207062
754.289947	390.700653
754.351070	389.640106
754.412193	389.360504
754.473316	383.647034
754.534438	381.728210
754.595561	384.445648
754.656684	385.221527
754.717807	385.813507
754.778930	391.410187
754.840053	394.009827
754.901176	391.497681
754.962299	386.372467
755.023422	384.352356
755.084545	388.432251
755.145668	386.027466
755.206790	384.367645
755.267913	386.264099
755.329036	384.308350
755.390159	383.793335
755.451282	381.955688
755.512405	383.514557
755.573528	386.024719
755.634651	378.029144
755.695774	377.083984
755.756897	380.952118
755.818019	380.147339
755.879142	384.533081
755.940265	382.576691
756.001388	385.636475
756.062511	389.659393
756.123634	383.163483
756.184757	380.144226
756.245880	383.507080
756.307003	380.920441
756.368126	374.487793
756.429248	383.180481
756.490371	376.797485
756.551494	378.993805
756.612617	382.735535
756.673740	381.168884
756.734863	379.088898
756.795986	387.078278
756.857109	384.482574
756.918232	388.415497
756.979354	388.778046
757.040477	382.105255
757.101600	386.785583
757.162723	385.742950
757.223846	387.807983
757.284969	379.287689
757.346092	385.743958
757.407215	382.695190
757.468338	384.511230
757.529461	388.529907
757.590583	383.972595
757.651706	385.815216
757.712829	382.078613
757.773952	385.288116
757.835075	383.665649
757.896198	384.550842
757.957321	384.368500
758.018444	383.263214
758.079567	390.056976
758.140690	385.048553
758.201812	390.989746
758.262935	383.155182
758.324058	392.688751
758.385181	373.825562
758.446304	377.998962
758.507427	391.384888
758.568550	380.683624
758.629673	385.614624
758.690796	383.642883
758.751919	383.644104
758.813042	385.593292
758.874164	386.601807
758.935287	385.682007
758.996410	386.596710
759.057533	381.962891
759.118656	385.411560
759.179779	386.589142
759.240902	385.755249
759.302025	382.069702
759.363148	381.721405
759.424271	383.499176
759.485393	381.084259
759.546516	378.141083
759.607639	379.500153
759.668762	384.880463
759.729885	379.818420
759.791008	377.953400
759.852131	372.842072
759.913254	377.588226
759.974377	377.996399
760.035500	376.217316
760.096622	379.016998
760.157745	374.320374
760.218868	379.871216
760.279991	378.737366
760.341114	383.172180
760.402237	384.046661
760.463360	380.837891
760.524483	387.942780
760.585606	384.221558
760.646728	376.813385
760.707851	386.997192
760.768974	384.749695
760.830097	381.170746
760.891220	377.446808
760.952343	384.067352
761.013466	388.505219
761.074589	382.872528
761.135712	376.640594
761.196835	380.127014
761.257957	382.261322
761.319080	385.063995
761.380203	386.879486
761.441326	387.499664
761.502449	386.671387
761.563572	385.307495
761.624695	383.739197
761.685818	380.029968
761.746941	379.135986
761.808064	385.076080
761.869187	384.443207
761.930309	375.473511
761.991432	378.124146
762.052555	385.040131
762.113678	383.851135
762.174801	380.439087
762.235924	381.585541
762.297047	382.986176
762.358170	375.565002
762.419293	373.518402
762.480416	380.942993
762.541538	383.072174
762.602661	380.643616
762.663784	382.272461
762.724907	382.870941
762.786030	377.753510
762.847153	382.195984
762.908276	387.018890
762.969399	382.648621
763.030522	385.789459
763.091645	386.571320
763.152767	381.696289
763.213890	381.748840
763.275013	377.754089
763.336136	379.020844
763.397259	379.183350
763.458382	378.495758
763.519505	385.044403
763.580628	382.784027
763.641751	381.804901
763.702874	379.507263
763.763996	381.031708
763.825119	389.834198
763.886242	383.131866
763.947365	379.033051
764.008488	388.948151
764.069611	383.299835
764.130734	381.797852
764.191857	392.301300
764.252980	382.465759
764.314102	383.457275
764.375225	385.196350
764.436348	387.209106
764.497471	383.507568
764.558594	380.101685
764.619717	376.281281
764.680840	378.419373
764.741963	383.542755
764.803086	374.514130
764.864209	380.434692
764.925331	383.769135
764.986454	378.908752
765.047577	384.716766
765.108700	377.975891
765.169823	379.890839
765.230946	373.863678
765.292069	383.016998
765.353192	385.649445
765.414315	375.750977
765.475438	377.620850
765.536561	372.627289
765.597683	374.174561
765.658806	373.014648
765.719929	378.656036
765.781052	380.924316
765.842175	376.239532
765.903298	375.153015
765.964421	383.093292
766.025544	365.910583
766.086667	372.715363
766.147790	377.561188
766.208912	380.211639
766.270035	375.415588
766.331158	374.409119
766.392281	372.633423
766.453404	380.395081
766.514527	377.441223
766.575650	374.484497
766.636773	377.467712
766.697896	372.547455
766.759019	380.348816
766.820141	378.523376
766.881264	384.283447
766.942387	368.144653
767.003510	371.383087
767.064633	375.336517
767.125756	374.591400
767.186879	370.810669
767.248002	380.769501
767.309125	377.829041
767.370248	374.800598
767.431370	382.733124
767.492493	376.308136
767.553616	380.939392
767.614739	388.644562
767.675862	376.270020
767.736985	377.222656
767.798108	381.059357
767.859231	378.976440
767.920354	373.451630
767.981476	381.982513
768.042599	373.445831
768.103722	375.000580
768.164845	380.618561
768.225968	375.826324
768.287091	375.468628
768.348214	374.837280
768.409337	380.305267
768.470460	374.424255
768.531583	376.655243
768.592705	376.873413
768.653828	375.891632
768.714951	375.685272
768.776074	381.076477
768.837197	381.891266
768.898320	377.880829
768.959443	378.956207
769.020566	381.180847
769.081689	377.250580
769.142812	377.192810
769.203935	381.355774
769.265057	376.928589
769.326180	376.180695
769.387303	373.908142
769.448426	379.102814
769.509549	381.029633
769.570672	379.356110
769.631795	384.240295
769.692918	379.240143
769.754041	375.112427
769.815164	378.805267
769.876286	381.430969
769.937409	381.769104
769.998532	377.872375
770.059655	380.973297
770.120778	381.858917
770.181901	380.798981
770.243024	382.059875
770.304147	377.204041
770.365270	372.624878
770.426393	381.639679
770.487515	383.556641
770.548638	380.835083
770.609761	384.401398
770.670884	378.584686
770.732007	374.062286
770.793130	377.198975
770.854253	378.305328
770.915376	377.887878
770.976499	373.974579
771.037622	373.710327
771.098744	371.525940
771.159867	372.313599
771.220990	374.315033
771.282113	377.210388
771.343236	381.440308
771.404359	380.870850
771.465482	378.898560
771.526605	385.097687
771.587728	384.803497
771.648850	378.959503
771.709973	381.438660
771.771096	382.455566
771.832219	379.052490
771.893342	380.780518
771.954465	385.000427
772.015588	379.751068
772.076711	380.108185
772.137834	385.965424
772.198957	382.352753
772.260080	379.807892
772.321202	384.214233
772.382325	385.237640
772.443448	381.285095
772.504571	378.611664
772.565694	379.734467
772.626817	378.289032
772.687940	375.553253
772.749063	381.092102
772.810186	378.028748
772.871309	373.479279
772.932431	379.802246
772.993554	378.671967
773.054677	377.189331
773.115800	377.444611
773.176923	377.332672
773.238046	378.543884
773.299169	377.172668
773.360292	375.080627
773.421415	371.512085
773.482538	370.709534
773.543660	374.561157
773.604783	377.308685
773.665906	375.588623
773.727029	374.133057
773.788152	380.466919
773.849275	375.460876
773.910398	377.579803
773.971521	373.531647
774.032644	372.015320
774.093767	376.845337
774.154889	382.194305
774.216012	380.112244
774.277135	374.523163
774.338258	377.635742
774.399381	377.306091
774.460504	378.161987
774.521627	381.006561
774.582750	380.732452
774.643873	378.989258
774.704995	377.381195
774.766118	377.980621
774.827241	379.053986
774.888364	380.923981
774.949487	378.701843
775.010610	381.528412
775.071733	379.365326
775.132856	384.232727
775.193979	387.013947
775.255102	382.745270
775.316224	381.422546
775.377347	379.977509
775.438470	381.255341
775.499593	380.809753
775.560716	380.726074
775.621839	381.326202
775.682962	380.208618
775.744085	378.420197
775.805208	382.318634
775.866331	381.407867
775.927453	381.772827
775.988576	374.446442
776.049699	381.737030
776.110822	379.750671
776.171945	383.595306
776.233068	382.824280
776.294191	382.088898
776.355314	380.400269
776.416437	381.037567
776.477560	381.076233
776.538683	382.891846
776.599805	377.100494
776.660928	380.055786
776.722051	379.786377
776.783174	383.048340
776.844297	377.702881
776.905420	381.643677
776.966543	374.746277
777.027666	372.967133
777.088789	382.190765
777.149912	378.063141
777.211034	375.947968
777.272157	375.810822
777.333280	373.980408
777.394403	372.156433
777.455526	375.659607
777.516649	375.914703
777.577772	377.714172
777.638895	373.987427
777.700018	374.580231
777.761141	377.892609
777.822263	379.366425
777.883386	374.194366
777.944509	378.591156
778.005632	384.069641
778.066755	378.280334
778.127878	377.733246
778.189001	372.968842
778.250124	375.469574
778.311247	378.255371
778.372369	376.608246
778.433492	371.772644
778.494615	377.253296
778.555738	376.641541
778.616861	372.472412
778.677984	371.706573
778.739107	374.000214
778.800230	376.778534
778.861353	376.553223
778.922476	373.555542
778.983598	374.316925
779.044721	373.661591
779.105844	372.715668
779.166967	373.765533
779.228090	375.509430
779.289213	377.331543
779.350336	375.286011
779.411459	376.413300
779.472582	376.260315
779.533705	374.733765
779.594828	375.829498
779.655950	371.337006
779.717073	368.152679
779.778196	367.893494
779.839319	371.461578
779.900442	375.096527
779.961565	374.011688
780.022688	370.712158
780.083811	372.833893
780.144934	373.601440
780.206057	375.565125
780.267179	372.106537
780.328302	365.549866
780.389425	374.438751
780.450548	372.313446
780.511671	370.262085
780.572794	371.896637
780.633917	371.902771
780.695040	371.250549
780.756163	368.518951
780.817286	379.499268
780.878408	377.133850
780.939531	379.203369
781.000654	371.682007
781.061777	368.407318
781.122900	375.672699
781.184023	370.081696
781.245146	373.948334
781.306269	374.930298
781.367392	368.047119
781.428515	374.832184
781.489637	372.076111
781.550760	366.328979
781.611883	368.873871
781.673006	369.964783
781.734129	366.421448
781.795252	379.469604
781.856375	368.612213
781.917498	367.097687
781.978621	373.066742
782.039743	370.662964
782.100866	373.378815
782.161989	372.405243
782.223112	373.661255
782.284235	369.324799
782.345358	368.127075
782.406481	370.413696
782.467604	368.858704
782.528727	368.145325
782.589850	371.035919
782.650972	369.981110
782.712095	364.979523
782.773218	371.421173
782.834341	369.730804
782.895464	371.789398
782.956587	371.536560
783.017710	370.798798
783.078833	370.543732
783.139956	369.575562
783.201079	369.199402
783.262202	369.205505
783.323324	372.610077
783.384447	370.711945
783.445570	370.494476
783.506693	371.594574
783.567816	369.192535
783.628939	370.768036
783.690062	370.257751
783.751185	370.620422
783.812308	373.732483
783.873431	370.504364
783.934553	367.297913
783.995676	369.437256
784.056799	368.934631
784.117922	367.164093
784.179045	371.271912
784.240168	371.278046
784.301291	370.192841
784.362414	368.327881
784.423537	367.656494
784.484660	368.322571
784.545782	371.354919
784.606905	368.737152
784.668028	371.126129
784.729151	378.003754
784.790274	371.000702
784.851397	370.157043
784.912520	376.584106
784.973643	371.351715
785.034766	371.572418
785.095889	373.160553
785.157011	375.548950
785.218134	370.943115
785.279257	365.625702
785.340380	371.541656
785.401503	372.664124
785.462626	373.978424
785.523749	371.872498
785.584872	374.322662
785.645995	365.860352
785.707117	370.168182
785.768240	377.602142
785.829363	367.430756
785.890486	366.287384
785.951609	361.946899
786.012732	373.335846
786.073855	368.505707
786.134978	369.492615
786.196101	369.498779
786.257224	363.678528
786.318346	365.501129
786.379469	370.300446
786.440592	372.381470
786.501715	367.877747
786.562838	368.470551
786.623961	373.949249
786.685084	370.051270
786.746207	368.678345
786.807330	365.117310
786.868453	368.032440
786.929576	366.904175
786.990698	369.926208
787.051821	373.837830
787.112944	370.509033
787.174067	370.389404
787.235190	367.467102
787.296313	367.413361
787.357436	367.638489
787.418559	369.136200
787.479682	371.095520
787.540805	370.887604
787.601927	367.073944
787.663050	367.789642
787.724173	366.600861
787.785296	371.787476
787.846419	371.948822
787.907542	370.658569
787.968665	366.817657
788.029788	365.369751
788.090911	367.588928
788.152034	366.279785
788.213156	370.114075
788.274279	372.493744
788.335402	370.545776
788.396525	370.840546
788.457648	370.054596
788.518771	367.667084
788.579894	368.877563
788.641017	368.671936
788.702140	369.302490
788.763262	368.778992
788.824385	366.769440
788.885508	368.260529
788.946631	370.160889
789.007754	375.335022
789.068877	375.750977
789.130000	373.329224
789.191123	376.306793
789.252246	372.118042
789.313369	367.626648
789.374491	366.169830
789.435614	362.281311
789.496737	366.124817
789.557860	371.467010
789.618983	367.143158
789.680106	364.496613
789.741229	373.183594
789.802352	369.120300
789.863475	365.270966
789.924598	370.861389
789.985721	370.329803
790.046843	366.832855
790.107966	363.211517
790.169089	370.840546
790.230212	372.284668
790.291335	367.156036
790.352458	367.734131
790.413581	367.338562
790.474704	367.488220
790.535827	362.565369
790.596950	369.780334
790.658072	369.551788
790.719195	372.781830
790.780318	372.190887
790.841441	372.874573
790.902564	365.657654
790.963687	370.871216
791.024810	369.814819
791.085933	367.717255
791.147056	364.309814
791.208179	368.074585
791.269301	369.224274
791.330424	373.726379
791.391547	366.042358
791.452670	365.134827
791.513793	371.021423
791.574916	369.051422
791.636039	369.054932
791.697162	369.061066
791.758285	368.110779
791.819408	370.921539
791.880530	371.058441
791.941653	373.839264
792.002776	367.638458
792.063899	367.118774
792.125022	370.698853
792.186145	369.323090
792.247268	370.861542
792.308391	367.652496
792.369514	368.001129
792.430636	365.620422
792.491759	364.350952
792.552882	369.944458
792.614005	370.321838
792.675128	373.349792
792.736251	369.374146
792.797374	368.961365
792.858497	368.408081
792.919620	373.508392
792.980743	366.889557
793.041865	367.202118
793.102988	367.483643
793.164111	372.976135
793.225234	372.320251
793.286357	370.502045
793.347480	368.152344
793.408603	361.829315
793.469726	367.354126
793.530849	363.331268
793.591972	361.294922
793.653094	362.965240
793.714217	363.323547
793.775340	365.800354
793.836463	369.118805
793.897586	367.283142
793.958709	368.266754
794.019832	369.128479
794.080955	369.446045
794.142078	368.622375
794.203201	373.361969
794.264324	372.308746
794.325446	366.287659
794.386569	367.444672
794.447692	364.758148
794.508815	364.922180
794.569938	370.816925
794.631061	368.970337
794.692184	366.339996
794.753307	368.767029
794.814430	369.914032
794.875553	368.499115
794.936675	366.544006
794.997798	365.852203
795.058921	369.307831
795.120044	372.160583
795.181167	369.224548
795.242290	366.288330
795.303413	364.844055
795.364536	367.284760
795.425659	371.487488
795.486782	371.681641
795.547904	368.122375
795.609027	368.774109
795.670150	369.861847
795.731273	367.107239
795.792396	367.591034
795.853519	364.366364
795.914642	366.008453
795.975765	374.729218
796.036888	366.737946
796.098010	366.049011
796.159133	369.056824
796.220256	365.024323
796.281379	366.105774
796.342502	365.636749
796.403625	369.330536
796.464748	368.549194
796.525871	368.555328
796.586994	368.736908
796.648117	370.389465
796.709239	373.733429
796.770362	369.570679
796.831485	369.438202
796.892608	368.592133
796.953731	368.598267
797.014854	368.604401
797.075977	369.121002
797.137100	373.385223
797.198223	371.427765
797.259346	369.395325
797.320469	366.389954
797.381591	362.695404
797.442714	362.940308
797.503837	367.662506
797.564960	367.519653
797.626083	362.761261
797.687206	364.707733
797.748329	364.731537
797.809452	370.666443
797.870575	372.642914
797.931698	374.613586
797.992820	369.812500
798.053943	371.617126
798.115066	366.939880
798.176189	364.856934
798.237312	360.101898
798.298435	369.969116
798.359558	372.551178
798.420681	368.181641
798.481804	365.966400
798.542927	369.337646
798.604049	372.394470
798.665172	370.122589
798.726295	371.492432
798.787418	370.049286
798.848541	366.399933
798.909664	366.657166
798.970787	367.646057
799.031910	369.454254
799.093033	368.994080
799.154156	368.819458
799.215278	370.412811
799.276401	371.599823
799.337524	371.812408
799.398647	369.514313
799.459770	365.052063
799.520893	366.903320
799.582016	369.356445
799.643139	365.454285
799.704262	363.190887
799.765384	365.801422
799.826507	366.903839
799.887630	363.405853
799.948753	364.727722
800.009876	367.983032
800.070999	364.856537
800.132122	368.975830
800.193245	364.646790
800.254368	367.506805
800.315491	368.348572
800.376614	367.593536
800.437736	366.704041
800.498859	364.742920
800.559982	364.611847
800.621105	363.194031
800.682228	362.030212
800.743351	366.135742
800.804474	365.520355
800.865597	363.609711
800.926720	366.845123
800.987843	365.684113
801.048965	360.332001
801.110088	363.477264
801.171211	365.384216
801.232334	364.119171
801.293457	366.093323
801.354580	369.078308
801.415703	371.528687
801.476826	371.050568
801.537949	367.643646
801.599072	364.149780
801.660194	366.379822
801.721317	369.612122
801.782440	367.283600
801.843563	365.563873
801.904686	366.988892
801.965809	367.256958
802.026932	364.456299
802.088055	367.514709
802.149178	371.847046
802.210301	367.538452
802.271423	366.977051
802.332546	367.452362
802.393669	369.267090
802.454792	367.269897
802.515915	367.728607
802.577038	366.943451
802.638161	370.504944
802.699284	371.161407
802.760407	367.243927
802.821529	360.542145
802.882652	364.487823
802.943775	366.303223
803.004898	364.541809
803.066021	364.664825
803.127144	363.546478
803.188267	367.281891
803.249390	372.250610
803.310513	363.237152
803.371636	361.824005
803.432758	366.762299
803.493881	368.026764
803.555004	365.667450
803.616127	361.671326
803.677250	366.512604
803.738373	366.879944
803.799496	366.119843
803.860619	369.680786
803.921742	371.285461
803.982865	370.933685
804.043987	368.453491
804.105110	364.519073
804.166233	365.825531
804.227356	367.887451
804.288479	366.223846
804.349602	370.513550
804.410725	365.764160
804.471848	367.632690
804.532971	362.984161
804.594094	366.737091
804.655217	361.932678
804.716339	366.774902
804.777462	370.293030
804.838585	369.075195
804.899708	365.426727
804.960831	365.694366
805.021954	369.527954
805.083077	371.094513
805.144200	365.451172
805.205323	365.570221
805.266446	368.411987
805.327568	367.479645
805.388691	368.403992
805.449814	365.471588
805.510937	364.524811
805.572060	373.439514
805.633183	367.507324
805.694306	360.611908
805.755429	369.332031
805.816552	369.491516
805.877675	366.609467
805.938797	369.392090
805.999920	365.712708
806.061043	366.485596
806.122166	373.094391
806.183289	367.925903
806.244412	369.393494
806.305535	364.044281
806.366658	371.772430
806.427781	368.921814
806.488903	364.084167
806.550026	363.604980
806.611149	368.027618
806.672272	368.584595
806.733395	364.239197
806.794518	367.084656
806.855641	365.894806
806.916764	364.777679
806.977887	365.485657
807.039010	372.345581
807.100132	365.278870
807.161255	367.792450
807.222378	370.278046
807.283501	367.383148
807.344624	365.858856
807.405747	363.277649
807.466870	365.877319
807.527993	367.470947
807.589116	362.215454
807.650239	365.382690
807.711362	373.619995
807.772484	369.552551
807.833607	364.683014
807.894730	365.989197
807.955853	366.726562
808.016976	361.568207
808.078099	367.829926
808.139222	369.269440
808.200345	368.019470
808.261468	367.037811
808.322591	366.056091
808.383713	368.580658
808.444836	371.148102
808.505959	373.819458
808.567082	370.640656
808.628205	368.782196
808.689328	368.788361
808.750451	366.133148
808.811574	366.143280
808.872697	366.818726
808.933820	365.529663
808.994942	368.693176
809.056065	368.270233
809.117188	362.433105
809.178311	364.259674
809.239434	368.092407
809.300557	368.850189
809.361680	365.822266
809.422803	368.098755
809.483926	370.857239
809.545049	369.094696
809.606171	369.054565
809.667294	372.772461
809.728417	370.279419
809.789540	368.044647
809.850663	367.222260
809.911786	369.817871
809.972909	367.396240
810.034032	368.401550
810.095155	370.214355
810.156277	369.008789
810.217400	370.992767
810.278523	373.498993
810.339646	373.889008
810.400769	368.850403
810.461892	367.012268
810.523015	366.472900
810.584138	364.007324
810.645261	367.928070
810.706384	368.104889
810.767506	364.504150
810.828629	370.704132
810.889752	373.693665
810.950875	368.624573
811.011998	367.948303
811.073121	373.095856
811.134244	375.309113
811.195367	371.584930
811.256490	371.473633
811.317613	369.885040
811.378736	369.198547
811.439858	374.572876
811.500981	376.780945
811.562104	375.048096
811.623227	376.268677
811.684350	372.450714
811.745473	368.462708
811.806596	372.347687
811.867719	368.883789
811.928842	370.111267
811.989965	370.865753
812.051087	372.482697
812.112210	371.658539
812.173333	368.782074
812.234456	371.338928
812.295579	375.019165
812.356702	371.838074
812.417825	370.432678
812.478948	365.526093
812.540071	365.534363
812.601194	365.182343
812.662316	372.313721
812.723439	380.296417
812.784562	374.178925
812.845685	374.185181
812.906808	372.089813
812.967931	368.413086
813.029054	370.637054
813.090177	368.662323
813.151300	366.406342
813.212423	366.758118
813.273545	370.788330
813.334668	367.219818
813.395791	372.351135
813.456914	364.552368
813.518037	366.814484
813.579160	370.777649
813.640283	366.120270
813.701406	361.379730
813.762529	376.796478
813.823651	375.511322
813.884774	374.704132
813.945897	369.321014
814.007020	369.110687
814.068143	368.761963
814.129266	370.127594
814.190389	370.767487
814.251512	375.526337
814.312635	372.927643
814.373758	374.009277
814.434880	370.229309
814.496003	377.975403
814.557126	375.292419
814.618249	371.074371
814.679372	373.701782
814.740495	371.543427
814.801618	375.779327
814.862741	367.733002
814.923864	368.967682
814.984987	367.612518
815.046110	373.557068
815.107232	370.516510
815.168355	381.510101
815.229478	369.970856
815.290601	373.566711
815.351724	373.470673
815.412847	366.834747
815.473970	370.269562
815.535093	376.563110
815.596216	376.194153
815.657339	366.016693
815.718461	370.594177
815.779584	371.127136
815.840707	367.521576
815.901830	367.697876
815.962953	369.931366
816.024076	374.666687
816.085199	376.291321
816.146322	373.459717
816.207445	372.147064
816.268568	366.937531
816.329690	372.494110
816.390813	372.152893
816.451936	381.877228
816.513059	369.858398
816.574182	375.480835
816.635305	373.309906
816.696428	366.716064
816.757551	369.483063
816.818674	365.872955
816.879796	374.530212
816.940919	371.558746
817.002042	368.732025
817.063165	374.520203
817.124288	366.663940
817.185411	367.673096
817.246534	370.665131
817.307657	378.630432
817.368780	368.693604
817.429903	375.614166
817.491025	370.724243
817.552148	370.684235
817.613271	371.670624
817.674394	372.669861
817.735517	369.776550
817.796640	370.682373
817.857763	375.546600
817.918886	371.853363
817.980009	368.846405
818.041132	363.961151
818.102255	365.669312
818.163377	375.255676
818.224500	367.223419
818.285623	365.829987
818.346746	367.660431
818.407869	374.332916
818.468992	365.438568
818.530115	374.097290
818.591238	371.072998
818.652361	367.105194
818.713484	369.574707
818.774606	372.561707
818.835729	371.895782
818.896852	366.357910
818.957975	373.099213
819.019098	367.498077
819.080221	369.554962
819.141344	375.235291
819.202467	374.048462
819.263590	368.501312
819.324713	372.316528
819.385835	372.865601
819.446958	379.930603
819.508081	372.060730
819.569204	367.384979
819.630327	372.148895
819.691450	372.897034
819.752573	372.035797
819.813696	371.047913
819.874819	368.336578
819.935942	373.089478
819.997064	364.510132
820.058187	370.641144
820.119310	371.943878
820.180433	375.339966
820.241556	368.343292
820.302679	366.976593
820.363802	375.373932
820.424925	376.125122
820.486048	371.802399
820.547170	371.821411
820.608293	369.509369
820.669416	373.136108
820.730539	373.178406
820.791662	368.088837
820.852785	365.397095
820.913908	365.043732
820.975031	373.986267
821.036154	371.168762
821.097277	369.242126
821.158399	372.277039
821.219522	370.647736
821.280645	373.266815
821.341768	374.861572
821.402891	371.094727
821.464014	366.917908
821.525137	371.631409
821.586260	368.367889
821.647383	368.682739
821.708506	373.027039
821.769628	370.987854
821.830751	371.679993
821.891874	367.473022
821.952997	367.692444
822.014120	366.606018
822.075243	366.927063
822.136366	374.825134
822.197489	367.977844
822.258612	374.320557
822.319735	377.918304
822.380858	372.861542
822.441980	368.919220
822.503103	367.444458
822.564226	373.212311
822.625349	371.451538
822.686472	374.691132
822.747595	370.994385
822.808718	369.226440
822.869841	369.972931
822.930964	370.975067
822.992087	373.449585
823.053209	372.772949
823.114332	372.983734
823.175455	371.795593
823.236578	371.994324
823.297701	375.175385
823.358824	370.474670
823.419947	369.735474
823.481070	369.572693
823.542193	371.457001
823.603316	369.435089
823.664438	368.315613
823.725561	369.034851
823.786684	367.903870
823.847807	371.592407
823.908930	374.039185
823.970053	372.924469
824.031176	367.417419
824.092299	367.471405
824.153422	369.066040
824.214544	369.369934
824.275667	374.256775
824.336790	375.675171
824.397913	372.603119
824.459036	370.007111
824.520159	369.401154
824.581282	370.096466
824.642405	371.786987
824.703528	373.101105
824.764651	369.998199
824.825773	371.847992
824.886896	369.344788
824.948019	372.206451
825.009142	367.660583
825.070265	371.233185
825.131388	369.053192
825.192511	367.148132
825.253634	372.859344
825.314757	372.118225
825.375880	373.836060
825.437003	373.481476
825.498125	370.495911
825.559248	369.507355
825.620371	370.842438
825.681494	370.191040
825.742617	368.864288
825.803740	369.854767
825.864863	370.537384
825.925986	368.569366
825.987109	368.867310
826.048232	372.180084
826.109354	372.904419
826.170477	373.219727
826.231600	370.962799
826.292723	372.186646
826.353846	372.934235
826.414969	375.187042
826.476092	373.354706
826.537215	372.898712
826.598338	374.255157
826.659461	377.193359
826.720583	377.329803
826.781706	370.841705
826.842829	371.490631
826.903952	374.922516
826.965075	376.285309
827.026198	376.012146
827.087321	376.296204
827.148444	375.389648
827.209567	374.035706
827.270690	372.408447
827.331812	371.687073
827.392935	371.693359
827.454058	373.598145
827.515181	372.807465
827.576304	369.818451
827.637427	373.134369
827.698550	374.462341
827.759673	369.326355
827.820796	369.254333
827.881918	370.744415
827.943041	368.869751
828.004164	365.253632
828.065287	368.773224
828.126410	370.518768
828.187533	371.025330
828.248656	370.533752
828.309779	367.295715
828.370902	370.779419
828.432025	371.310455
828.493148	371.051117
828.554270	369.949432
828.615393	370.062164
828.676516	370.205841
828.737639	369.832794
828.798762	368.600372
828.859885	372.797638
828.921008	373.375061
828.982131	373.711548
829.043254	371.155609
829.104377	367.635895
829.165499	368.111877
829.226622	371.967163
829.287745	368.956177
829.348868	367.745209
829.409991	370.749817
829.471114	370.676147
829.532237	371.145203
829.593360	366.998230
829.654483	370.078430
829.715606	372.087799
829.776728	372.168610
829.837851	368.643372
829.898974	366.566864
829.960097	366.958527
830.021220	366.350555
830.082343	363.514526
830.143466	361.363434
830.204589	365.895874
830.265712	367.761597
830.326835	366.995880
830.387957	367.002106
830.449080	363.938263
830.510203	361.400299
830.571326	362.862762
830.632449	368.326050
830.693572	371.033600
830.754695	369.811127
830.815818	365.973389
830.876941	370.197937
830.938063	370.985229
830.999186	367.834747
831.060309	365.840240
831.121432	366.307159
831.182555	367.083038
831.243678	367.705109
831.304801	365.631317
831.365924	368.415619
831.427047	371.725830
831.488170	369.647766
831.549292	366.268768
831.610415	366.978973
831.671538	369.369293
831.732661	365.811401
831.793784	366.856598
831.854907	367.294739
831.916030	365.537720
831.977153	367.643524
832.038276	366.068420
832.099399	364.796112
832.160521	367.046356
832.221644	365.701294
832.282767	365.438782
832.343890	367.447174
832.405013	365.713440
832.466136	363.587891
832.527259	367.591919
832.588382	371.479218
832.649505	366.600586
832.710628	365.116608
832.771751	370.009125
832.832873	369.114075
832.893996	368.515228
832.955119	366.747009
833.016242	364.007996
833.077365	366.428497
833.138488	369.546906
833.199611	367.760712
833.260734	368.194397
833.321857	369.937103
833.382980	368.404785
833.444102	371.765137
833.505225	370.505310
833.566348	362.587982
833.627471	365.072449
833.688594	366.421082
833.749717	366.623932
833.810840	367.992554
833.871963	364.504120
833.933086	361.071960
833.994209	366.162231
834.055331	368.732788
834.116454	368.383423
834.177577	367.742188
834.238700	368.692017
834.299823	371.352325
834.360946	367.206635
834.422069	368.321686
834.483192	368.464111
834.544315	367.426086
834.605437	370.709290
834.666560	365.222107
834.727683	364.068756
834.788806	364.789581
834.849929	365.774139
834.911052	367.123840
834.972175	368.795441
835.033298	366.822205
835.094421	366.145111
835.155544	367.820740
835.216666	367.159943
835.277789	360.474426
835.338912	368.227173
835.400035	369.488434
835.461158	367.519806
835.522281	366.175842
835.583404	362.823181
835.644527	366.275940
835.705650	369.905334
835.766773	370.555573
835.827896	366.466705
835.889018	366.611176
835.950141	368.941071
836.011264	369.579224
836.072387	366.830414
836.133510	372.489136
836.194633	373.531830
836.255756	370.528381
836.316879	371.001251
836.378002	373.014221
836.439125	369.438110
836.500247	368.326477
836.561370	370.740356
836.622493	368.126495
836.683616	373.698914
836.744739	375.959778
836.805862	372.835175
836.866985	368.827087
836.928108	367.669922
836.989231	367.676178
837.050354	372.697784
837.111476	371.110046
837.172599	368.978485
837.233722	373.758240
837.294845	374.998810
837.355968	371.097198
837.417091	367.539948
837.478214	371.834106
837.539337	372.280548
837.600460	371.746826
837.661583	375.433228
837.722705	375.293610
837.783828	370.331268
837.844951	368.765930
837.906074	371.749420
837.967197	369.054840
838.028320	370.028290
838.089443	368.543243
838.150566	361.772217
838.211689	370.354675
838.272811	363.976624
838.333934	366.114716
838.395057	369.343628
838.456180	369.830994
838.517303	366.006165
838.578426	368.674713
838.639549	368.308258
838.700672	366.305267
838.761795	365.853149
838.822918	364.303711
838.884040	365.421265
838.945163	365.871857
839.006286	368.233063
839.067409	372.828674
839.128532	373.120209
839.189655	369.744751
839.250778	367.320862
839.311901	372.492706
839.373024	370.736420
839.434147	369.129517
839.495270	368.130737
839.556392	367.131927
839.617515	376.662903
839.678638	365.979065
839.739761	366.205872
839.800884	375.140015
839.862007	369.610291
839.923130	366.330719
839.984253	370.106934
840.045376	366.026581
840.106499	364.987640
840.167621	372.499420
840.228744	370.678040
840.289867	370.020142
840.350990	368.341980
840.412113	368.027161
840.473236	368.033447
840.534359	367.189026
840.595482	361.068359
840.656605	367.737000
840.717728	367.342865
840.778850	367.061920
840.839973	373.123993
840.901096	370.622833
840.962219	371.831573
841.023342	364.236115
841.084465	367.466095
841.145588	365.462616
841.206711	369.514648
841.267834	361.260956
841.328957	367.209534
841.390079	365.451202
841.451202	368.705597
841.512325	363.753235
841.573448	372.145569
841.634571	367.740814
841.695694	370.786957
841.756817	369.352966
841.817940	366.432404
841.879063	370.758209
841.940185	371.193878
842.001308	368.428741
842.062431	368.196747
842.123554	368.203033
842.184677	370.076630
842.245800	371.159210
842.306923	365.590149
842.368046	367.105438
842.429169	369.125122
842.490292	375.896820
842.551414	364.828857
842.612537	373.811646
842.673660	370.437714
842.734783	372.200958
842.795906	365.513245
842.857029	367.210083
842.918152	366.306763
842.979275	369.218170
843.040398	368.319305
843.101521	368.303650
843.162644	375.230865
843.223766	368.395325
843.284889	365.334839
843.346012	369.316010
843.407135	364.326172
843.468258	365.371307
843.529381	371.348267
843.590504	370.432220
843.651627	375.314758
843.712750	371.269775
843.773873	366.340057
843.834995	365.658905
843.896118	375.148926
843.957241	367.424652
844.018364	368.479034
844.079487	370.234802
844.140610	366.547424
844.201733	369.472839
844.262856	370.263367
844.323979	367.664764
844.385102	371.383911
844.446224	370.179535
844.507347	366.726837
844.568470	370.387146
844.629593	369.385498
844.690716	369.051910
844.751839	375.589264
844.812962	375.321930
844.874085	364.326477
844.935208	372.010437
844.996330	368.428589
845.057453	375.567200
845.118576	367.955231
845.179699	371.414032
845.240822	370.171539
845.301945	366.903992
845.363068	362.897400
845.424191	366.194489
845.485314	370.283600
845.546437	368.414276
845.607559	367.557617
845.668682	367.114441
845.729805	364.711426
845.790928	365.726288
845.852051	366.741180
845.913174	368.257385
845.974297	370.241241
846.035420	364.814850
846.096543	370.801300
846.157666	370.893372
846.218789	367.998596
846.279911	368.861694
846.341034	365.228241
846.402157	364.026306
846.463280	366.257446
846.524403	368.022125
846.585526	365.649170
846.646649	365.214386
846.707772	365.903442
846.768895	371.637604
846.830018	365.606689
846.891140	369.649872
846.952263	371.988617
847.013386	369.215271
847.074509	367.708588
847.135632	367.714874
847.196755	367.721191
847.257878	368.261353
847.319001	368.384827
847.380124	366.108002
847.441247	370.318329
847.502369	370.913818
847.563492	369.636169
847.624615	370.602051
847.685738	367.170624
847.746861	367.294769
847.807984	368.627380
847.869107	365.346344
847.930230	367.841644
847.991353	367.092896
848.052476	367.839996
848.113598	365.135132
848.174721	368.501556
848.235844	370.183044
848.296967	369.450317
848.358090	367.545502
848.419213	367.412628
848.480336	366.663055
848.541459	368.759796
848.602582	368.736633
848.663704	371.892822
848.724827	371.513794
848.785950	370.509888
848.847073	368.318787
848.908196	366.688965
848.969319	369.528229
849.030442	369.463196
849.091565	365.072906
849.152688	365.588959
849.213811	370.491516
849.274933	370.940613
849.336056	365.623413
849.397179	368.356567
849.458302	371.296417
849.519425	369.775360
849.580548	371.529388
849.641671	370.060516
849.702794	369.924683
849.763917	369.101013
849.825040	366.506012
849.886162	367.446106
849.947285	367.043610
